0.000000 0.000000 
0.003142 1.839716 
0.006283 -1.443264 
0.009425 -0.707469 
0.012566 1.998276 
0.015708 -0.860187 
0.018849 -1.323457 
0.021991 1.898444 
0.025132 -0.165880 
0.028274 -1.768309 
0.031415 1.553127 
0.034557 0.549876 
0.037698 -1.984507 
0.040840 1.006979 
0.043981 1.194528 
0.047123 -1.944090 
0.050264 0.330617 
0.053406 1.684720 
0.056547 -1.652288 
0.059689 -0.388492 
0.062830 1.957061 
0.065972 -1.146832 
0.069113 -1.057371 
0.072255 1.976340 
0.075396 -0.493074 
0.078538 -1.589518 
0.081680 1.740063 
0.084821 0.224435 
0.087963 -1.916129 
0.091104 1.278775 
0.094246 0.912923 
0.097387 -1.994970 
0.100529 0.652137 
0.103670 1.483363 
0.106812 -1.815843 
0.109953 -0.058827 
0.113095 1.861993 
0.116236 -1.401914 
0.119378 -0.762185 
0.122519 1.999854 
0.125661 -0.806707 
0.128802 -1.366986 
0.131944 1.879117 
0.135085 -0.107177 
0.138227 -1.795030 
0.141368 1.515391 
0.144510 0.606194 
0.147651 -1.990955 
0.150793 0.955709 
0.153934 1.241197 
0.157076 -1.929437 
0.160217 0.272461 
0.163359 1.715689 
0.166501 -1.618421 
0.169642 -0.446035 
0.172784 1.968339 
0.175925 -1.098141 
0.179067 -1.106839 
0.182208 1.966461 
0.185350 -0.435849 
0.188491 -1.624534 
0.191633 1.710308 
0.194774 0.282785 
0.197916 -1.932160 
0.201057 1.232991 
0.204199 0.964869 
0.207340 -1.989938 
0.210482 0.596252 
0.213623 1.522186 
0.216765 -1.790400 
0.219906 -0.117604 
0.223048 1.882661 
0.226189 -1.359358 
0.229331 -0.816252 
0.232472 1.999700 
0.235614 -0.752528 
0.238755 -1.409336 
0.241897 1.858163 
0.245039 -0.048388 
0.248180 -1.820195 
0.251322 1.476344 
0.254463 0.661992 
0.257605 -1.995682 
0.260746 0.903636 
0.263888 1.286773 
0.267029 -1.913108 
0.270171 0.214045 
0.273312 1.745188 
0.276454 -1.583158 
0.279595 -0.503188 
0.282737 1.977913 
0.285878 -1.048499 
0.289020 -1.155357 
0.292161 1.954886 
0.295303 -0.378265 
0.298444 -1.658155 
0.301586 1.679064 
0.304727 0.340917 
0.307869 -1.946516 
0.311010 1.186139 
0.314152 1.015981 
0.317293 -1.983184 
0.320435 0.539842 
0.323577 1.559674 
0.326718 -1.763417 
0.329860 -0.176297 
0.333001 1.901706 
0.336143 -1.315606 
0.339284 -0.869604 
0.342426 1.997816 
0.345567 -0.697698 
0.348709 -1.450467 
0.351850 1.835600 
0.354992 0.010425 
0.358133 -1.843778 
0.361275 1.436007 
0.364416 0.717234 
0.367558 -1.998683 
0.370699 0.850747 
0.373841 1.331265 
0.376982 -1.895135 
0.380124 0.155482 
0.383265 1.773158 
0.386407 -1.546538 
0.389548 -0.559887 
0.392690 1.985778 
0.395831 -0.997934 
0.398973 -1.202891 
0.402114 1.941612 
0.405256 -0.320318 
0.408398 -1.690320 
0.411539 1.646386 
0.414681 0.398718 
0.417822 -1.959183 
0.420964 1.138276 
0.424105 1.066229 
0.427247 -1.974710 
0.430388 0.482946 
0.433530 1.595835 
0.436671 -1.734891 
0.439813 -0.234800 
0.442954 1.919093 
0.446096 -1.270743 
0.449237 -0.922186 
0.452379 1.994205 
0.455520 -0.642247 
0.458662 -1.490354 
0.461803 1.811441 
0.464945 0.069265 
0.468086 -1.865780 
0.471228 1.394453 
0.474369 0.771821 
0.477511 -1.999953 
0.480652 0.797156 
0.483794 1.374577 
0.486935 -1.875510 
0.490077 0.096747 
0.493219 1.799611 
0.496360 -1.508555 
0.499502 -0.616138 
0.502643 1.991920 
0.505785 -0.946538 
0.508926 -1.249354 
0.512068 1.926666 
0.515209 -0.262130 
0.518351 -1.721023 
0.521492 1.612285 
0.524634 0.456173 
0.527775 -1.970156 
0.530917 1.089429 
0.534058 1.115553 
0.537200 -1.964526 
0.540341 0.425632 
0.543483 1.630615 
0.546624 -1.704862 
0.549766 -0.293138 
0.552907 1.934830 
0.556049 -1.224751 
0.559190 -0.974004 
0.562332 1.988865 
0.565473 -0.586275 
0.568615 -1.528927 
0.571757 1.785730 
0.574898 0.128009 
0.578040 -1.886154 
0.581181 1.351693 
0.584323 0.825741 
0.587464 -1.999493 
0.590606 0.742876 
0.593747 1.416701 
0.596889 -1.854261 
0.600030 0.037928 
0.603172 1.824506 
0.606313 -1.469266 
0.609455 -0.671856 
0.612596 1.996342 
0.615738 -0.894290 
0.618879 -1.294765 
0.622021 1.910043 
0.625162 -0.203678 
0.628304 -1.750256 
0.631445 1.576767 
0.634587 0.513271 
0.637728 -1.979431 
0.640870 1.039608 
0.644011 1.163851 
0.647153 -1.952658 
0.650295 0.368024 
0.653436 1.663941 
0.656578 -1.673397 
0.659719 -0.351222 
0.662861 1.948892 
0.666002 -1.177699 
0.669144 -1.024979 
0.672285 1.981802 
0.675427 -0.529760 
0.678568 -1.566202 
0.681710 1.758457 
0.684851 0.186679 
0.687993 -1.904908 
0.691134 1.307736 
0.694276 0.878980 
0.697417 -1.997302 
0.700559 0.687919 
0.703700 1.457624 
0.706842 -1.831436 
0.709983 -0.020849 
0.713125 1.847792 
0.716266 -1.428758 
0.719408 -0.726991 
0.722549 1.999035 
0.725691 -0.841267 
0.728832 -1.339055 
0.731974 1.891766 
0.735116 -0.145049 
0.738257 -1.777973 
0.741399 1.539883 
0.744540 0.569924 
0.747682 -1.986992 
0.750823 0.988887 
0.753965 1.211203 
0.757106 -1.939085 
0.760248 0.310023 
0.763389 1.695869 
0.766531 -1.640445 
0.769672 -0.408928 
0.772814 1.961252 
0.775955 -1.129689 
0.779097 -1.075002 
0.782238 1.973024 
0.785380 -0.472787 
0.788521 -1.602119 
0.791663 1.729662 
0.794804 0.245187 
0.797946 -1.922013 
0.801087 1.262646 
0.804229 0.931457 
0.807370 -1.993381 
0.810512 0.632365 
0.813654 1.497286 
0.816795 -1.806997 
0.819937 -0.079683 
0.823078 1.869509 
0.826220 -1.386961 
0.829361 -0.781428 
0.832503 1.999997 
0.835644 -0.787585 
0.838786 -1.382131 
0.841927 1.871877 
0.845069 -0.086296 
0.848210 -1.804151 
0.851352 1.501666 
0.854493 0.626083 
0.857635 -1.992832 
0.860776 0.937309 
0.863918 1.257507 
0.867059 -1.923832 
0.870201 0.251754 
0.873342 1.726329 
0.876484 -1.606072 
0.879625 -0.466354 
0.882767 1.971930 
0.885908 -1.080640 
0.889050 -1.124160 
0.892192 1.962552 
0.895333 -0.415477 
0.898475 -1.636607 
0.901616 1.699408 
0.904758 0.303409 
0.907899 -1.937453 
0.911041 1.216463 
0.914182 0.983128 
0.917324 -1.987735 
0.920465 0.576264 
0.923607 1.535651 
0.926748 -1.780994 
0.929890 -0.138448 
0.933031 1.889608 
0.936173 -1.343964 
0.939314 -0.835258 
0.942456 1.999230 
0.945597 -0.733153 
0.948739 -1.424066 
0.951880 1.850343 
0.955022 -0.027542 
0.958163 -1.828736 
0.961305 1.462199 
0.964446 0.681630 
0.967588 -1.996943 
0.970729 0.884920 
0.973871 1.302721 
0.977013 -1.906914 
0.980154 0.193267 
0.983296 1.755295 
0.986437 -1.570309 
0.989579 -0.523376 
0.992720 1.980901 
0.995862 -1.030656 
0.999003 -1.172343 
1.002145 1.950368 
1.005286 -0.357735 
1.008428 -1.669722 
1.011569 1.667645 
1.014711 0.361443 
1.017852 -1.951199 
1.020994 1.169288 
1.024135 1.033884 
1.027277 -1.980378 
1.030418 0.519737 
1.033560 1.572640 
1.036701 -1.753485 
1.039843 -0.197018 
1.042984 1.908047 
1.046126 -1.299859 
1.049268 -0.888298 
1.052409 1.996735 
1.055551 -0.678156 
1.058692 -1.464717 
1.061834 1.827237 
1.064975 0.031385 
1.068117 -1.851799 
1.071258 1.421364 
1.074400 0.736728 
1.077541 -1.999333 
1.080683 0.831764 
1.083824 1.346808 
1.086966 -1.888345 
1.090107 0.134613 
1.093249 1.782740 
1.096390 -1.533186 
1.099532 -0.579944 
1.102673 1.988156 
1.105815 -0.979779 
1.108956 -1.219512 
1.112098 1.936496 
1.115239 -0.299683 
1.118381 -1.701392 
1.121522 1.634438 
1.124664 0.419163 
1.127805 -1.963274 
1.130947 1.121040 
1.134089 1.083810 
1.137230 -1.971297 
1.140372 0.462688 
1.143513 1.608316 
1.146655 -1.724423 
1.149796 -0.255493 
1.152938 1.924859 
1.156079 -1.254574 
1.159221 -0.940637 
1.162362 1.992510 
1.165504 -0.622502 
1.168645 -1.504152 
1.171787 1.802521 
1.174928 0.090061 
1.178070 -1.873175 
1.181211 1.379459 
1.184353 0.790979 
1.187494 -1.999988 
1.190636 0.777888 
1.193777 1.389728 
1.196919 -1.868140 
1.200060 0.075842 
1.203202 1.808642 
1.206343 -1.494735 
1.209485 -0.636011 
1.212626 1.993690 
1.215768 -0.928054 
1.218910 -1.265625 
1.222051 1.920946 
1.225193 -0.241372 
1.228334 -1.731588 
1.231476 1.599816 
1.234617 0.476521 
1.237759 -1.973650 
1.240900 1.071822 
1.244042 1.132797 
1.247183 -1.960510 
1.250325 0.405238 
1.253466 1.642598 
1.256608 -1.693868 
1.259749 -0.313746 
1.262891 1.940004 
1.266032 -1.208202 
1.269174 -0.992161 
1.272315 1.986560 
1.275457 -0.566310 
1.278598 -1.542285 
1.281740 1.776244 
1.284881 0.148808 
1.288023 -1.892985 
1.291165 1.336253 
1.294306 0.844685 
1.297448 -1.998915 
1.300589 0.723478 
1.303731 1.431340 
1.306872 -1.846376 
1.310014 0.017155 
1.313155 1.832917 
1.316297 -1.454990 
1.319438 -0.691527 
1.322580 1.997498 
1.325721 -0.875525 
1.328863 -1.310642 
1.332004 1.903733 
1.335146 -0.182851 
1.338287 -1.760285 
1.341429 1.563808 
1.344570 0.533466 
1.347712 -1.982316 
1.350853 1.021676 
1.353995 1.180804 
1.357136 -1.948025 
1.360278 0.347437 
1.363419 1.675459 
1.366561 -1.661847 
1.369702 -0.371728 
1.372844 1.953470 
1.375986 -1.160784 
1.379127 -1.042826 
1.382269 1.978889 
1.385410 -0.509627 
1.388552 -1.579082 
1.391693 1.748429 
1.394835 0.207427 
1.397976 -1.911157 
1.401118 1.291890 
1.404259 0.897659 
1.407401 -1.996111 
1.410542 0.668304 
1.413684 1.471821 
1.416825 -1.822959 
1.419967 -0.041696 
1.423108 1.855670 
1.426250 -1.414091 
1.429391 -0.746305 
1.432533 1.999573 
1.435674 -0.822375 
1.438816 -1.354524 
1.441957 1.884872 
1.445099 -0.124173 
1.448240 -1.787458 
1.451382 1.526447 
1.454523 0.589949 
1.457665 -1.989266 
1.460806 0.970645 
1.463948 1.227788 
1.467090 -1.933854 
1.470231 0.289335 
1.473373 1.706868 
1.476514 -1.628386 
1.479656 -0.429387 
1.482797 1.965243 
1.485939 -1.112361 
1.489080 -1.092588 
1.492222 1.969504 
1.495363 -0.452503 
1.498505 -1.614512 
1.501646 1.719100 
1.504788 0.265866 
1.507929 -1.927674 
1.511071 1.246409 
1.514212 0.949857 
1.517354 -1.991578 
1.520495 0.612551 
1.523637 1.511027 
1.526778 -1.797964 
1.529920 -0.100511 
1.533062 1.876815 
1.536203 -1.371864 
1.539345 -0.800577 
1.542486 1.999923 
1.545628 -0.768377 
1.548769 -1.397126 
1.551911 1.864433 
1.555052 -0.065536 
1.558194 -1.813019 
1.561335 1.487863 
1.564477 0.645921 
1.567618 -1.994493 
1.570760 0.918774 
1.573901 1.273709 
1.577043 -1.918007 
1.580184 0.230983 
1.583326 1.736800 
1.586467 -1.593515 
1.589609 -0.486675 
1.592750 1.975316 
1.595892 -1.062975 
1.599033 -1.141404 
1.602175 1.958415 
1.605316 -0.394987 
1.608458 -1.648544 
1.611599 1.688282 
1.614741 0.324074 
1.617882 -1.942521 
1.621024 1.199848 
1.624166 1.001231 
1.627307 -1.985321 
1.630449 0.556268 
1.633590 1.548925 
1.636732 -1.771411 
1.639873 -0.159239 
1.643015 1.896336 
1.646156 -1.328450 
1.649298 -0.854157 
1.652439 1.998543 
1.655581 -0.713715 
1.658722 -1.438628 
1.661864 1.842329 
1.665005 -0.006693 
1.668147 -1.837078 
1.671288 1.447895 
1.674430 0.701194 
1.677571 -1.997987 
1.680713 0.866242 
1.683854 1.318414 
1.686996 -1.900547 
1.690137 0.172430 
1.693279 1.765228 
1.696420 -1.557265 
1.699562 -0.543542 
1.702703 1.983677 
1.705845 -1.012668 
1.708987 -1.189232 
1.712128 1.945629 
1.715270 -0.337129 
1.718411 -1.681149 
1.721553 1.656003 
1.724694 0.382002 
1.727836 -1.955686 
1.730977 1.152248 
1.734119 1.051739 
1.737260 -1.977345 
1.740402 0.499503 
1.743543 1.585481 
1.746685 -1.743325 
1.749826 -0.217830 
1.752968 1.914214 
1.756109 -1.283886 
1.759251 -0.906996 
1.762392 1.995431 
1.765534 -0.658434 
1.768675 -1.478884 
1.771817 1.818630 
1.774958 0.052155 
1.778100 -1.859547 
1.781242 1.406673 
1.784383 0.756001 
1.787525 -1.999761 
1.790666 0.812827 
1.793808 1.362093 
1.796949 -1.881399 
1.800091 0.113878 
1.803232 1.792060 
1.806374 -1.519763 
1.809515 -0.599795 
1.812657 1.990306 
1.815798 -0.961484 
1.818940 -1.236030 
1.822081 1.931159 
1.825223 -0.278979 
1.828364 -1.712298 
1.831506 1.622289 
1.834647 0.439600 
1.837789 -1.967159 
1.840930 1.103651 
1.844072 1.101336 
1.847213 -1.967657 
1.850355 0.442306 
1.853496 1.620665 
1.856638 -1.713730 
1.859779 -0.276231 
1.862921 1.930435 
1.866063 -1.238209 
1.869204 -0.959051 
1.872346 1.990592 
1.875487 -0.602584 
1.878629 -1.517861 
1.881770 1.793357 
1.884912 0.110959 
1.888053 -1.880405 
1.891195 1.364233 
1.894336 0.810154 
1.897478 -1.999804 
1.900619 0.758708 
1.903761 1.404593 
1.906902 -1.860621 
1.910044 0.055079 
1.913185 1.817412 
1.916327 -1.480852 
1.919468 -0.655672 
1.922610 1.995232 
1.925751 -0.909602 
1.928893 -1.281642 
1.932034 1.915059 
1.935176 -0.220736 
1.938318 -1.741890 
1.941459 1.587171 
1.944600 0.496816 
1.947742 -1.976927 
1.950884 1.054098 
1.954025 1.149979 
1.957167 -1.956265 
1.960308 0.384725 
1.963450 1.654446 
1.966591 -1.682650 
1.969733 -0.334394 
1.972874 1.944985 
1.976016 -1.191461 
1.979157 -1.010274 
1.982299 1.984029 
1.985440 -0.546211 
1.988582 -1.555522 
1.991723 1.766530 
1.994865 0.169666 
1.998006 -1.899634 
2.001148 1.320724 
2.004289 0.863605 
2.007431 -1.998109 
2.010572 0.703932 
2.013714 1.445980 
2.016855 -1.838232 
2.019997 -0.003919 
2.023139 1.841189 
2.026280 -1.440554 
2.029422 -0.710983 
2.032563 1.998435 
2.035705 -0.856800 
2.038846 -1.326375 
2.041988 1.897263 
2.045129 -0.162005 
2.048271 -1.770052 
2.051412 1.550678 
2.054554 0.553459 
2.057695 -1.984984 
2.060837 1.003762 
2.063978 1.197627 
2.067120 -1.943215 
2.070261 0.326812 
2.073403 1.686713 
2.076544 -1.650114 
2.079686 -0.392120 
2.082827 1.957850 
2.085969 -1.143804 
2.089110 -1.060623 
2.092252 1.975771 
2.095393 -0.489366 
2.098535 -1.591746 
2.101676 1.738174 
2.104818 0.228078 
2.107960 -1.917219 
2.111101 1.275962 
2.114243 0.916308 
2.117384 -1.994708 
2.120526 0.648546 
2.123667 1.485807 
2.126809 -1.814252 
2.129950 -0.062763 
2.133092 1.863373 
2.136233 -1.399109 
2.139375 -0.765677 
2.142516 1.999897 
2.145658 -0.803256 
2.148799 -1.369844 
2.151941 1.877824 
2.155082 -0.103282 
2.158224 -1.796681 
2.161365 1.512843 
2.164507 0.609767 
2.167648 -1.991322 
2.170790 0.952429 
2.173931 1.244238 
2.177073 -1.928451 
2.180214 0.268615 
2.183356 1.717604 
2.186497 -1.616148 
2.189639 -0.449654 
2.192780 1.969020 
2.195922 -1.095036 
2.199064 -1.110054 
2.202205 1.965784 
2.205347 -0.432097 
2.208488 -1.626686 
2.211630 1.708313 
2.214771 0.286441 
2.217913 -1.933144 
2.221054 1.230095 
2.224196 0.968218 
2.227337 -1.989566 
2.230479 0.592599 
2.233620 1.524555 
2.236762 -1.788701 
2.239903 -0.121254 
2.243045 1.883942 
2.246186 -1.356674 
2.249328 -0.819708 
2.252469 1.999628 
2.255611 -0.749017 
2.258752 -1.412127 
2.261894 1.856758 
2.265035 -0.044470 
2.268177 -1.821754 
2.271318 1.473698 
2.274460 0.665547 
2.277601 -1.995936 
2.280743 0.900272 
2.283885 1.289771 
2.287026 -1.912017 
2.290168 0.210186 
2.293309 1.747007 
2.296451 -1.580783 
2.299592 -0.506799 
2.302734 1.978485 
2.305875 -1.045320 
2.309017 -1.158524 
2.312158 1.954095 
2.315300 -0.374453 
2.318441 -1.660218 
2.321583 1.676972 
2.324724 0.344557 
2.327866 -1.947395 
2.331007 1.183163 
2.334149 1.019290 
2.337291 -1.982702 
2.340432 0.536139 
2.343574 1.561984 
2.346715 -1.761600 
2.349857 -0.179939 
2.352998 1.902881 
2.356140 -1.312849 
2.359281 -0.873030 
2.362423 1.997642 
2.365564 -0.694129 
2.368706 -1.452982 
2.371847 1.834085 
2.374989 0.014081 
2.378130 -1.845250 
2.381272 1.433277 
2.384413 0.720752 
2.387555 -1.998821 
2.390696 0.847335 
2.393838 1.334187 
2.396979 -1.893927 
2.400121 0.151575 
2.403262 1.774898 
2.406404 -1.544050 
2.409545 -0.563505 
2.412687 1.986236 
2.415828 -0.994699 
2.418970 -1.205990 
2.422112 1.940713 
2.425253 -0.316486 
2.428395 -1.692312 
2.431536 1.644179 
2.434678 0.402374 
2.437819 -1.959960 
2.440961 1.135206 
2.444102 1.069479 
2.447244 -1.974121 
2.450385 0.479215 
2.453527 1.598059 
2.456668 -1.732975 
2.459810 -0.238469 
2.462951 1.920172 
2.466093 -1.267888 
2.469234 -0.925595 
2.472376 1.993920 
2.475517 -0.638641 
2.478659 -1.492790 
2.481800 1.809824 
2.484942 0.072920 
2.488083 -1.867148 
2.491225 1.391829 
2.494366 0.775331 
2.497508 -1.999974 
2.500649 0.793664 
2.503791 1.377448 
2.506932 -1.874197 
2.510074 0.092832 
2.513216 1.801252 
2.516357 -1.505979 
2.519499 -0.619723 
2.522640 1.992268 
2.525782 -0.943216 
2.528923 -1.252412 
2.532065 1.925651 
2.535206 -0.258244 
2.538348 -1.722940 
2.541489 1.609963 
2.544631 0.459842 
2.547772 -1.970827 
2.550914 1.086266 
2.554055 1.118742 
2.557197 -1.963830 
2.560338 0.421876 
2.563480 1.632751 
2.566621 -1.702849 
2.569763 -0.296792 
2.572904 1.935800 
2.576046 -1.221829 
2.579187 -0.977360 
2.582329 1.988472 
2.585470 -0.582599 
2.588612 -1.531306 
2.591753 1.783996 
2.594895 0.131695 
2.598037 -1.887429 
2.601178 1.348968 
2.604320 0.829240 
2.607461 -1.999406 
2.610603 0.739306 
2.613744 1.419306 
2.616886 -1.852845 
2.620027 0.034309 
2.623169 1.826047 
2.626310 -1.466808 
2.629452 -0.675404 
2.632593 1.996575 
2.635735 -0.890917 
2.638876 -1.297749 
2.642018 1.908922 
2.645159 -0.199779 
2.648301 -1.752077 
2.651442 1.574353 
2.654584 0.516913 
2.657725 -1.979988 
2.660867 1.036386 
2.664008 1.167036 
2.667150 -1.951839 
2.670291 0.364171 
2.673433 1.666029 
2.676574 -1.671248 
2.679716 -0.354858 
2.682858 1.949752 
2.685999 -1.174711 
2.689141 -1.028277 
2.692282 1.981302 
2.695424 -0.526053 
2.698565 -1.568496 
2.701707 1.756623 
2.704848 0.190356 
2.707990 -1.906076 
2.711131 1.304939 
2.714273 0.882431 
2.717414 -1.997107 
2.720556 0.684308 
2.723697 1.460151 
2.726839 -1.829888 
2.729980 -0.024543 
2.733122 1.849260 
2.736264 -1.426170 
2.739405 -0.730501 
2.742547 1.999144 
2.745688 -0.837846 
2.748830 -1.341741 
2.751971 1.890539 
2.755112 -0.141141 
2.758254 -1.779696 
2.761395 1.537379 
2.764537 0.573535 
2.767678 -1.987435 
2.770820 0.985609 
2.773962 1.214319 
2.777103 -1.938158 
2.780245 0.306151 
2.783386 1.697864 
2.786528 -1.638200 
2.789669 -0.412616 
2.792811 1.962016 
2.795952 -1.126577 
2.799094 -1.078305 
2.802235 1.972416 
2.805377 -0.469051 
2.808518 -1.604328 
2.811660 1.727728 
2.814801 0.248853 
2.817943 -1.923072 
2.821084 1.259779 
2.824226 0.934857 
2.827368 -1.993078 
2.830509 0.628717 
2.833651 1.499733 
2.836792 -1.805347 
2.839934 -0.083374 
2.843075 1.870872 
2.846217 -1.384297 
2.849358 -0.784965 
2.852500 2.000000 
2.855641 -0.784050 
2.858783 -1.384799 
2.861924 1.870520 
2.865066 -0.082680 
2.868207 -1.805774 
2.871349 1.499273 
2.874490 0.629662 
2.877632 -1.993160 
2.880773 0.933978 
2.883915 1.260552 
2.887056 -1.922799 
2.890198 0.247866 
2.893339 1.728229 
2.896481 -1.603734 
2.899622 -0.470018 
2.902764 1.972581 
2.905905 -1.077467 
2.909047 -1.127399 
2.912189 1.961823 
2.915330 -0.411643 
2.918472 -1.638771 
2.921613 1.697338 
2.924755 0.307134 
2.927896 -1.938403 
2.931038 1.213529 
2.934179 0.986474 
2.937321 -1.987323 
2.940462 0.572582 
2.943604 1.538015 
2.946745 -1.779242 
2.949887 -0.142133 
2.953028 1.890864 
2.956170 -1.341225 
2.959311 -0.838749 
2.962453 1.999124 
2.965594 -0.729575 
2.968736 -1.426658 
2.971877 1.848881 
2.975019 -0.023848 
2.978160 -1.830289 
2.981302 1.459676 
2.984443 0.685243 
2.987585 -1.997144 
2.990726 0.881538 
2.993868 1.305465 
2.997010 -1.905774 
3.000151 0.189665 
3.003293 1.757098 
3.006434 -1.567879 
3.009576 -0.527012 
3.012717 1.981437 
3.015859 -1.027424 
3.019000 -1.175516 
3.022142 1.949530 
3.025283 -0.353879 
3.028425 -1.671794 
3.031566 1.665478 
3.034708 0.365149 
3.037849 -1.952056 
3.040991 1.166228 
3.044132 1.037237 
3.047274 -1.979848 
3.050415 0.515952 
3.053557 1.574966 
3.056698 -1.751597 
3.059840 -0.200769 
3.062981 1.909218 
3.066123 -1.296992 
3.069264 -0.891807 
3.072406 1.996517 
3.075547 -0.674468 
3.078689 -1.467281 
3.081831 1.825641 
3.084972 0.035004 
3.088114 -1.853219 
3.091255 1.418816 
3.094397 0.740230 
3.097538 -1.999423 
3.100680 0.828335 
3.103821 1.349481 
3.106963 -1.887100 
3.110104 0.131002 
3.113246 1.784445 
3.116387 -1.530859 
3.119529 -0.583550 
3.122670 1.988546 
3.125812 -0.976492 
3.128953 -1.222616 
3.132095 1.935550 
3.135236 -0.295808 
3.138378 -1.703370 
3.141519 1.632176 
